-20120227092514
-20120227092731
-20120227093043
-20120227093354
-20120227094250
-20120309153648
-20120428095530
-20120428103333
-20120428103336
-20120428103401
-20120428103423
-20120502113003
-20120502130248
-20120502131304
-20120502131308
-20120502131344
-20120502131403
-20120502131445
-20120502154908
-20120502160741
-20120502161156
-20120502161200
-20120502161208
-20120502161223
-20120502161226
-20120502161239
-20120502161253
-20120502161616
-20120502161618
-20120502161708
-20120502162225
-20120502162455
-20120502202256
-20120502221541
-20120503220205
-20120503220320
-20120503221916
-20120504115852
-20120504122444
-20120504134125
-20120504140855
-20120504140914
-20120504140923
-20120504140934
-20120504141102
-20120504141102
-20120504141105
-20120504141106
-20120504141108
-20120504141112
-20120504141205
-20120504141216
-20120504141218
-20120504141230
-20120504141238
-20120504141243
-20120504141248
-20120504153837
-20120505101231
-20120505104406
-20120505133505
-20120505134331
-20120505144154
-20120505170613
-20120505170615
-20120506134909
-20120509123846
-20120511100738
-20120511113340
-20120511113348
-20120511113407
-20120511114944
-20120511115112
-20120511115117
-20120511115400
-20120511120013
-20120511120103
-20120511120150
-20120511120204
-20120511120214
-20120511120228
-20120511120236
-20120511120245
-20120511120249
-20120511120302
-20120511120307
-20120511120338
-20120511120719
-20120511122401
-20120511122408
-20120511122425
-20120511122738
-20120511122746
-20120511122804
-20120511125117
-20120511125121
-20120511125127
-20120511125133
-20120511125139
-20120511125141
-20120511125351
-20120511125357
-20120511125425
-20120511125429
-20120511125431
-20120511125530
-20120511132347
-20120511132402
-20120511132410
-20120511132418
-20120511132555
-20120511132602
-20120511132604
-20120511133140
-20120511133207
-20120511133216
-20120511133423
-20120511133432
-20120511134034
-20120511134043
-20120511134209
-20120511134223
-20120511134239
-20120511134245
-20120511134432
-20120511134438
-20120511134831
-20120511134837
-20120511134944
-20120511134952
-20120511135056
-20120511135137
-20120511135146
-20120511135353
-20120511135401
-20120511135936
-20120511135945
-20120511135959
-20120511141013
-20120511141022
-20120511141224
-20120511141232
-20120511141307
-20120511141319
-20120511141429
-20120511141437
-20120511142853
-20120511142910
-20120511142935
-20120511142951
-20120511143932
-20120511145856
-20120511150410
-20120511152617
-20120511153305
-20120511153400
-20120511153420
-20120511153533
-20120511153611
-20120511153752
-20120511153843
-20120511153940
-20120511154047
-20120511154155
-20120511154218
-20120511154314
-20120511154417
-20120511154506
-20120511154545
